750
647
102 104
921
265
980 981
106
624 625
352
613
739
296
829
326
681 683
359 363
459 461
448
704
519
259 262
631 632
25
220
375 376
621
391
848
802
310 318
712
121
127
453
480
877
899
62
233
320
839
192
673 674
523 524
176
929 930
736
415 417
935
360
743
986
927 928
939
987
112
945 946
776
68 69
436
96 97
782 783
462
302
370
732
299
159
967 968
456
800 801
873 876
398 399
246 248
972
961 965
751 752
409 410
735 737
583 585
734
546
790
538
797 798
76 79
678
365 366
870
488
665 666
886
201
20 26
17
912 915
660 661
22
959
766
780
791
641
539
126 128
377
213
971
328
595 598
329
982 984
255
878
260
286
357
10 12
180 182
662 664
941 943
450
241
92
435
358
401 402
591
671
184
16
865
707
561
998
990 991
642
843
834 835
225
218 221
196
506
623
795 796
724
767
34
917
309
723
151 152
214 215
687
31 32
628 630
985 988
826
348
481 482
747
695 696
56
668 670
477
973 974
716 717
384 385
646
602
161 162
463
470 471
562 563
483
266 269
317
663
433
434 437
555
500
275
273 280
347
447 449
774 781
314
718
994
332
895
41
531
270 271
489
91 93
536
809
90
846 847
983
825 828
923
0 2
325
931
422 424
200 204
970
258
584
788 789
570
281
859
650
875
223 224
123 124
446
148
484 487
300
131 133
505
977 979
493
21
754
820
730
976
390 392
849
572 573
381
52 53
954
455 458
153 155
792
807
301
278
386 388
429
142
805 806
786
517 518
842
156 157
178
778
285 288
187
243 244
70
19
230
618 619
451
49 51
733
194
850
882 883
122
867
412
575
742
249 250
312
166
183 185
198 199
423
569
291 295
714 715
136
107
692
620 622
28
616
428 432
836
898 901
382 383
855
6 8
441
78
75
896
460
818 824
416
574
339 341
236 237
134 137
560
337 338
173 175
81
311
812
993 995
947 949
821
784
40 44
861 862
557
4
699 700
202
515
89
80 82
50
57 58
907
913
832 833
775
135
926
306 307
48
46 47
757
430
599 600
688
84 85
863
313
950
528 529
844
284
86 88
530
577 578
768
679
256 257
586 587
464 465
494 495
514
684 685
589 590
476 478
105 108
966
374
287
597
368 371
722
496 498
601 603
749 750
397
553 558
645
364
779
677
708
644
556
144 146
816 817
74
741
567
521 522
550
837 838
975
937 940
71 72
38
282
211
361
35
525 527
411
740 744
667
294
888
11
154
232
140
507
682
919 920
222
387
989
308
609 612
675 676
726 731
486
502
330 331
83
129 130
440
840 841
342
379
686 689
804
77
98
263 264
942
635 636
63
691
964
568 571
962
864
5
951
952 953
293
191 195
638
316
353 355
170
914
197
362
27 30
389
147 150
610
279
785
138 143
189
420
581 582
512 513
292
640
206 207
369
652
880
110
509
254
799
118 119
497
208
948
45
866 868
893
819
468
705 709
113
418 419
548 552
658
504
297 304
854
501 503
235
627
770 773
830
649
706
372 373
100
473
210
694
111
777
351
217
904 909
680
669
9
174
614
526
889
421
605
753 758
871 872
916 918
932 934
759 760
238 242
261
762 763
654
727
354
59 61
545 547
303
657 659
905
404
103
701 703
99 101
193
188 190
637 643
532
611
956 957
579 580
607 608
902 903
439
171 172
240
978
283
203
323
756
400
729
533
908
114 115
534 535
702
559
245
936
396
276
672
267
145
764
890
761
219
205
710 711
811
164
407 408
996 999
857 858
251
247
431
158 160
141
490 492
958 960
537 542
938
345 350
884 885
910 911
380
406
564 566
239
87
576
594
963
693
177
745
592
442
491
231 234
588
772
179
7
228
860
713
549
887
541
933
719
474 475
36 37
900
813 814
212
823
60
163 165
869
334
485
771
139
426 427
540
457
906
651 653
997
181
593
149
64 65
73
845
831
43
272
815
499
132
209
66 67
554
874
551
343 344
14
655
615 617
851
656
346
425
925
924
748
333
289 290
803
969
324 327
340
520
516
335 336
891 892
725
125
33
23
639
378
822
510 511
852
252 253
109
13
29
808 810
438 443
94 95
356
216
466 469
315
452 454
472
697 698
765 769
226 227
629
604
626
393
229
787
648
922
168 169
321 322
746
319
606
116 117
39
42
277
467
120
633 634
394 395
167
54 55
720 721
596
298
268
1
367
879 881
690
15 18
186
793 794
728
403 405
479
274
413 414
853 856
508
755
349
827
444 445
24
955
565
543 544
894 897
738
3
992
944
305
